#<  Na      int32
#<  Nb      int32
#<  R_min   int32
#<  R_max   int32
#<  t_eq    int32
#<  t_p     int32

       10        0        0       10        1      111
       10        0        0       10        1      216
       10        0        0       10        1        0
       10        0        0       10        1      103
       10        0        0       10        1      161
       10        0        0       10        1        0
       10        0        0       10        0      100
       10        0        0       10        1        0
       10        0        0       10        1      498
       20        0        0       20        1        0
       20        0        0       20        1        0
       20        0        0       20        1        0
       20        0        0       20        1        0
       20        0        0       20        1        0
       20        0        0       20        1        0
       20        0        0       20        1        0
       20        0        0       20        1        0
       20        0        0       20        1        0
       20        0        0       20        1        0
       40        0        0       40       59        0
       40        0        0       40        1        0
       40        0        0       40        1        0
       40        0        0       40        1        0
       40        0        0       40        1        0
       40        0        0       40        1        0
       40        0        0       40        1        0
       40        0        0       40        1        0
       40        0        0       40        1        0
       40        0        0       40        1        0
       80        0        0       80        1        0
       80        0        0       80       58        0
       80        0        0       80        1        0
       80        0        0       80       28        0
       80        0        0       80        1        0
       80        0        0       80       53        0
       80        0        0       80        1        0
       80        0        0       80        1        0
       80        0        0       80       42        0
       80        0        0       80       41        0
      160        0        0      160        1        0
      160        0        0      160        1        0
      160        0        0      160       31        0
      160        0        0      160        1        0
      160        0        0      160        1        0
      160        0        0      160       25        0
      160        0        0      160       88        0
      160        0        0      160       83        0
      160        0        0      160      162        0
      160        0        0      160        1        0
      320        0        0      320       65        0
      320        0        0      320        1        0
      320        0        0      320      169        0
      320        0        0      320       50        0
      320        0        0      320      404        0
      320        0        0      320        1        0
      320        0        0      320        1        0
      320        0        0      320        1        0
      320        0        0      320       93        0
      320        0        0      320       49        0
      320        0        0      320       72        0
      320        0        0      320       21        0
      320        0        0      320        1        0
      320        0        0      320       61        0
      320        0        0      320       42        0
      320        0        0      320       44        0
      320        0        0      320       81        0
      320        0        0      320       85        0
      320        0        0      320       34        0
      320        0        0      320       78        0
      320        0        0      320       93        0
      320        0        0      320        1        0
      320        0        0      320      113        0
      320        0        0      320        1        0
      320        0        0      320        8        0
      320        0        0      320       20        0
      320        0        0      320       68        0
      320        0        0      320       81        0
      320        0        0      320       41        0
      320        0        0      320        1        0
      320        0        0      320       80        0
      320        0        0      320       93        0
      320        0        0      320      111        0
      320        0        0      320      264        0
      320        0        0      320        1        0
      320        0        0      320        1        0
      320        0        0      320      281        0
      320        0        0      320       78        0
      320        0        0      320      147        0
      320        0        0      320        1        0
      320        0        0      320       12        0
      320        0        0      320        1        0
      320        0        0      320       60        0
      320        0        0      320        1        0
      320        0        0      320       99        0
      320        0        0      320        8        0
      320        0        0      320       76        0
      320        0        0      320       64        0
      320        0        0      320        5        0
      320        0        0      320       62        0
      320        0        0      320       25        0
      320        0        0      320        1        0
      320        0        0      320       49        0
      320        0        0      320       65        0
      320        0        0      320        1        0
      320        0        0      320       78        0
      320        0        0      320        1        0
      320        0        0      320        1        0
      320        0        0      320        6        0
      320        0        0      320        1        0
      320        0        0      320        1        0
      320        0        0      320        1        0
      320        0        0      320        1        0
      320        0        0      320       64        0
      320        0        0      320       30        0
      320        0        0      320        1        0
      320        0        0      320      161        0
      320        0        0      320        1        0
      320        0        0      320        1        0
      320        0        0      320        1        0
      160        0        0      160        1        0
      160        0        0      160        1        0
      160        0        0      160       41        0
      160        0        0      160       28        0
      160        0        0      160       79        0
      160        0        0      160      188        0
      160        0        0      160        1        0
      160        0        0      160      137        0
      160        0        0      160       48        0
      160        0        0      160        1        0
      160        0        0      160        1        0
      160        0        0      160        1        0
      160        0        0      160       16        0
      160        0        0      160        1        0
      160        0        0      160        1        0
      160        0        0      160        1        0
      160        0        0      160       35        0
      160        0        0      160        1        0
      160        0        0      160        1        0
      160        0        0      160       69        0
      160        0        0      160      241        0
      160        0        0      160       13        0
      160        0        0      160        1        0
      160        0        0      160       29        0
      160        0        0      160       30        0
      160        0        0      160        1        0
      160        0        0      160       20        0
      160        0        0      160       78        0
      160        0        0      160        1        0
      160        0        0      160       15        0
      160        0        0      160        1        0
      160        0        0      160      144        0
      160        0        0      160       40        0
      160        0        0      160        1        0
      160        0        0      160       50        0
      160        0        0      160        2        0
      160        0        0      160        1        0
      160        0        0      160        1        0
      160        0        0      160        1        0
      160        0        0      160        1        0
      160        0        0      160        1        0
      160        0        0      160       26        0
      160        0        0      160       28        0
      160        0        0      160       33        0
      160        0        0      160      162        0
      160        0        0      160      239        0
      160        0        0      160      130        0
      160        0        0      160       26        0
      160        0        0      160        8        0
      160        0        0      160       10        0
      640        0        0      640       78        0
      640        0        0      640        1        0
      640        0        0      640       93        0
      640        0        0      640      212        0
      640        0        0      640        1        0
      640        0        0      640        1        0
      640        0        0      640      101        0
      640        0        0      640        1        0
      640        0        0      640        1        0
      640        0        0      640       28        0
      640        0        0      640      157        0
      640        0        0      640       65        0
      640        0        0      640       55        0
      640        0        0      640       76        0
      640        0        0      640       64        0
      640        0        0      640        9        0
      640        0        0      640       12        0
      640        0        0      640       45        0
      640        0        0      640      125        0
      640        0        0      640       16        0
      640        0        0      640      327        0
      640        0        0      640       32        0
      640        0        0      640       44        0
      640        0        0      640       43        0
      640        0        0      640      136        0
      640        0        0      640       46        0
      640        0        0      640       16        0
      640        0        0      640       60        0
      640        0        0      640        1        0
      640        0        0      640        2        0
      640        0        0      640       30        0
      640        0        0      640       70        0
      640        0        0      640      184        0
      640        0        0      640      126        0
      640        0        0      640       44        0
      640        0        0      640       31        0
      640        0        0      640      118        0
      640        0        0      640      162        0
      640        0        0      640       67        0
      640        0        0      640       64        0
      640        0        0      640        1        0
      640        0        0      640       84        0
      640        0        0      640       17        0
      640        0        0      640       96        0
      640        0        0      640       73        0
      640        0        0      640        1        0
      640        0        0      640       75        0
      640        0        0      640       86        0
      640        0        0      640       67        0
      640        0        0      640       81        0
       20        0        0       20        1        0
       20        0        0       20        1        0
       20        0        0       20        1        0
       20        0        0       20        1        0
       20        0        0       20        1        0
       20        0        0       20        1        0
       20        0        0       20        1        0
       20        0        0       20        1        0
       20        0        0       20        1        0
       20        0        0       20        1        0
       20        0        0       20        1        0
       20        0        0       20        1        0
       20        0        0       20        1        0
       20        0        0       20        1        0
       20        0        0       20        1        0
       20        0        0       20        0        0
       20        0        0       20        1        0
       20        0        0       20        1        0
       20        0        0       20        1        0
       20        0        0       20        1        0
       20        0        0       20        1        0
       20        0        0       20        1        0
       20        0        0       20        1        0
       20        0        0       20        1        0
       20        0        0       20        1        0
       20        0        0       20        1        0
       20        0        0       20        1        0
       20        0        0       20        1        0
       20        0        0       20        1        0
       20        0        0       20        1        0
       20        0        0       20        4        0
       20        0        0       20        1        0
       20        0        0       20        1        0
       20        0        0       20        1        0
       20        0        0       20        1        0
       20        0        0       20        1        0
       20        0        0       20        1        0
       20        0        0       20        1        0
       20        0        0       20        2        0
       20        0        0       20        1        0
       20        0        0       20        1        0
       20        0        0       20        1        0
       20        0        0       20        1        0
       20        0        0       20        1        0
       20        0        0       20        1        0
       20        0        0       20        1        0
       20        0        0       20        1        0
       20        0        0       20        1        0
       20        0        0       20        1        0
       20        0        0       20        1        0
       40        0        0       40        1        0
       40        0        0       40        1        0
       40        0        0       40       50        0
       40        0        0       40       48        0
       40        0        0       40        1        0
       40        0        0       40        1        0
       40        0        0       40        0        0
       40        0        0       40        1        0
       40        0        0       40        1        0
       40        0        0       40        1        0
       40        0        0       40        1        0
       40        0        0       40       13        0
       40        0        0       40        1        0
       40        0        0       40        1        0
       40        0        0       40        1        0
       40        0        0       40        1        0
       40        0        0       40        1        0
       40        0        0       40        1        0
       40        0        0       40        1        0
       40        0        0       40       19        0
       40        0        0       40        1        0
       40        0        0       40        0        0
       40        0        0       40        1        0
       40        0        0       40        1        0
       40        0        0       40       46        0
       40        0        0       40        1        0
       40        0        0       40        1        0
       40        0        0       40        1        0
       40        0        0       40        1        0
       40        0        0       40        1        0
       40        0        0       40        1        0
       40        0        0       40        1        0
       40        0        0       40       60        0
       40        0        0       40        1        0
       40        0        0       40        1        0
       40        0        0       40        1        0
       40        0        0       40        8        0
       40        0        0       40       48        0
       40        0        0       40        1        0
       40        0        0       40        1        0
       40        0        0       40        1        0
       40        0        0       40        1        0
       40        0        0       40       34        0
       40        0        0       40       16        0
       40        0        0       40        1        0
       40        0        0       40        1        0
       40        0        0       40        1        0
       40        0        0       40       29        0
       40        0        0       40       33        0
       40        0        0       40        1        0
       80        0        0       80        1        0
       80        0        0       80        1        0
       80        0        0       80       22        0
       80        0        0       80        1        0
       80        0        0       80        1        0
       80        0        0       80        1        0
       80        0        0       80        1        0
       80        0        0       80        1        0
       80        0        0       80        1        0
       80        0        0       80        1        0
       80        0        0       80        1        0
       80        0        0       80        1        0
       80        0        0       80        1        0
       80        0        0       80        1        0
       80        0        0       80        1        0
       80        0        0       80        1        0
       80        0        0       80        1        0
       80        0        0       80        1        0
       80        0        0       80        1        0
       80        0        0       80       65        0
       80        0        0       80        1        0
       80        0        0       80       53        0
       80        0        0       80       41        0
       80        0        0       80       12        0
       80        0        0       80        1        0
       80        0        0       80        1        0
       80        0        0       80        1        0
       80        0        0       80       40        0
       80        0        0       80        1        0
       80        0        0       80        1        0
       80        0        0       80        1        0
       80        0        0       80        1        0
       80        0        0       80        1        0
       80        0        0       80       49        0
       80        0        0       80        1        0
       80        0        0       80       13        0
       80        0        0       80        1        0
       80        0        0       80       42        0
       80        0        0       80        1        0
       80        0        0       80        1        0
       80        0        0       80       18        0
       80        0        0       80        1        0
       80        0        0       80        1        0
       80        0        0       80        2        0
       80        0        0       80        1        0
       80        0        0       80       85        0
       80        0        0       80       19        0
       80        0        0       80        4        0
       80        0        0       80        0        0
       80        0        0       80        1        0
     5120        0        0     5120       85        0
     5120        0        0     5120       37        0
     1280        0        0     1280        1        0
     1280        0        0     1280       35        0
     1280        0        0     1280      323        0
     1280        0        0     1280      154        0
     1280        0        0     1280        1        0
     1280        0        0     1280       69        0
     1280        0        0     1280       86        0
     1280        0        0     1280       54        0